image: checkerboard.pgm
resolution: 1.000
origin: [-128.0000, -128.000000, 0.000000]
negate: 0
occupied_thresh: 0.65
free_thresh: 0.196

