image: dummy-2.pgm
resolution: 0.250000
origin: [-40.000000, -40.00000, 0.000000]
negate: 0
occupied_thresh: 0.65
free_thresh: 0.196

