image: dummy-1.pgm
resolution: 1.000
origin: [-160.0000, -160.000000, 0.000000]
negate: 0
occupied_thresh: 0.65
free_thresh: 0.196

